((696, 280, -413), (2117, 1, 141), 1.174120828181737, 1.4533866265328215, -1.2708699777130699, (4604, 10843, -3262, 10908))
((1259, 461, -449), (2094, 65, 133), 1.1491191338559321, 1.4428748687022197, -1.3246096053380585, (4514, 10861, -3048, 10990))
((1636, 519, -564), (2079, 169, 107), 1.145503617175234, 1.4276268420805118, -1.3650487977165862, (4402, 10896, -2760, 11077))
((1680, 493, -643), (2001, 357, 69), 1.156425508013938, 1.409924263621858, -1.3902044848842725, (4295, 10935, -2456, 11151))
((1462, 405, -661), (1991, 552, 167), 1.1784688361994402, 1.3913360960236076, -1.4016873909683367, (4225, 10972, -2164, 11203))
((1235, 423, -673), (2019, 509, 267), 1.1857447822751512, 1.3719750285554722, -1.4208940535516055, (4179, 10985, -1902, 11254))
((1146, 430, -684), (1963, 520, 426), 1.1845063379865406, 1.3525819851875756, -1.4478664611038254, (4148, 10980, -1649, 11311))
((1144, 391, -758), (1965, 527, 482), 1.1888091166051693, 1.3315880718445512, -1.4679632857062115, (4123, 10975, -1390, 11359))
((1102, 423, -754), (2059, 613, 553), 1.189176652304365, 1.3104779171083476, -1.4918761300851715, (4104, 10958, -1134, 11411))
((981, 538, -783), (2103, 718, 687), 1.1778776981226855, 1.2866205218350542, -1.5244022432957027, (4109, 10911, -881, 11476))
((798, 630, -762), (2012, 626, 569), 1.1638917175054821, 1.2641633109658579, -1.55621517103514, (4125, 10852, -658, 11541))
((646, 688, -694), (1980, 734, 588), 1.145460692408327, 1.2414959707866111, -1.5893385691289164, (4154, 10776, -454, 11611))
((446, 711, -620), (2038, 707, 539), 1.1250713064201607, 1.2215657047865427, -1.6211658360083816, (4190, 10693, -289, 11681))
((338, 790, -550), (2073, 650, 388), 1.1032367188341556, 1.2034685077269447, -1.6516800865042967, (4220, 10606, -150, 11751))
((267, 799, -524), (1962, 613, 307), 1.0835220572164581, 1.1864834065090444, -1.679358126009404, (4251, 10520, -24, 11818))
((126, 760, -466), (1900, 590, 250), 1.0650557875648012, 1.1716945810293524, -1.703032717036868, (4287, 10438, 73, 11878))
((68, 707, -390), (1919, 648, 180), 1.0500155817575012, 1.1586799041218794, -1.7217911301680355, (4320, 10366, 154, 11928))
((-57, 656, -353), (1920, 568, 215), 1.0327298040735744, 1.1475749001114977, -1.7395383971869804, (4357, 10293, 205, 11976))
((61, 649, -336), (1908, 526, 206), 1.0187854705242234, 1.137557409127183, -1.757083139741798, (4376, 10228, 266, 12024))
((140, 610, -299), (1794, 558, 241), 1.0078868617959107, 1.127703179029386, -1.773103297679554, (4385, 10169, 336, 12069))
((204, 478, -278), (1723, 574, 144), 1.0059135079249986, 1.1199789608128727, -1.7813184914050821, (4384, 10137, 408, 12094))
((192, 374, -226), (1756, 587, 145), 1.0065003866970836, 1.1143999928981225, -1.7864839981045366, (4378, 10118, 468, 12110))
((153, 283, -176), (1722, 631, 206), 1.007942695433351, 1.1102343397233527, -1.7895860096942233, (4373, 10106, 515, 12120))
((83, 176, -115), (1676, 635, 244), 1.0091874847350681, 1.107673859752349, -1.7907038608543395, (4370, 10100, 543, 12124))
((107, 50, -17), (1634, 636, 250), 1.01347665603083, 1.1084820061135574, -1.789585578739432, (4354, 10112, 558, 12120))
((118, -72, 85), (1654, 610, 207), 1.0206862292708474, 1.1128904095335435, -1.7852776198214009, (4321, 10144, 556, 12105))
((124, -164, 159), (1644, 705, 229), 1.0304735716348477, 1.1185577457763054, -1.7783782955374778, (4285, 10186, 549, 12083))
((0, -268, 233), (1642, 713, 226), 1.0399366579163112, 1.1264853779505355, -1.768832667868019, (4254, 10235, 514, 12054))
((-135, -331, 315), (1668, 667, 272), 1.0455124418917847, 1.1366466929678127, -1.7598837051218599, (4227, 10282, 446, 12026))
((-115, -396, 389), (1712, 591, 273), 1.0518740381233558, 1.1494109390045728, -1.750333257515707, (4185, 10338, 365, 11995))
((-46, -449, 453), (1719, 616, 298), 1.0603579545479533, 1.1635362310867357, -1.7401613990267024, (4129, 10401, 285, 11962))
((77, -492, 498), (1745, 663, 268), 1.0744717407456157, 1.17848506443508, -1.7271960962245196, (4057, 10476, 218, 11923))
((19, -545, 545), (1771, 661, 211), 1.0908019950102934, 1.1947587473524206, -1.7106061902181557, (3985, 10557, 137, 11877))
((-49, -548, 581), (1872, 656, 266), 1.1042730791485316, 1.211380321300424, -1.6951669228189308, (3917, 10630, 42, 11835))
((-99, -550, 604), (1918, 612, 329), 1.1143324705321536, 1.2283601298529603, -1.6821190659470593, (3851, 10694, -64, 11799))
((-19, -551, 581), (1916, 577, 332), 1.1270985999433398, 1.2446957242889385, -1.6676421486287338, (3778, 10759, -158, 11762))
((-17, -547, 555), (1929, 542, 338), 1.1408202471209916, 1.2605592617582706, -1.652587252872207, (3708, 10821, -249, 11726))
((56, -523, 525), (1972, 549, 298), 1.1587352632248786, 1.2756939750456582, -1.6354366282493147, (3634, 10885, -325, 11689))
((98, -502, 506), (1978, 528, 284), 1.177752244677417, 1.2896502332220767, -1.6172751182391463, (3557, 10946, -392, 11653))
((112, -443, 460), (2027, 583, 320), 1.1946890530150214, 1.30152255661685, -1.602213935821419, (3489, 10996, -445, 11625))
((11, -384, 401), (2008, 577, 319), 1.2079061909420663, 1.3110495361798906, -1.5880067330765992, (3442, 11034, -500, 11600))
((-76, -348, 340), (2009, 550, 343), 1.2168800850418569, 1.3191635928638104, -1.5764944102387215, (3413, 11061, -558, 11580))
((-119, -332, 266), (2032, 531, 399), 1.2240327733483491, 1.3255842978308405, -1.565810997927423, (3400, 11081, -613, 11562))
((-114, -277, 221), (2039, 475, 401), 1.2267031461450995, 1.331132281033605, -1.5597031201549152, (3388, 11093, -663, 11551))
((-72, -243, 188), (2041, 481, 418), 1.2287293684740264, 1.3358219478930458, -1.5559834201787364, (3378, 11102, -701, 11544))
((-71, -145, 137), (2085, 523, 492), 1.2201049288556816, 1.337668497830468, -1.5622338556142241, (3377, 11093, -726, 11551))
((-20, 91, 118), (2049, 508, 492), 1.1941049901898009, 1.3375793418171886, -1.588005885098673, (3375, 11058, -734, 11585))
((19, 193, 76), (1971, 557, 416), 1.16701440705331, 1.3350861428035359, -1.6155673399049384, (3376, 11018, -724, 11623))
((27, 342, 38), (1996, 559, 436), 1.1296599844852977, 1.330357022435377, -1.654029089941421, (3382, 10959, -703, 11678))
((16, 458, 33), (1952, 562, 401), 1.0878304393545033, 1.3245400095251207, -1.6977391754364202, (3391, 10889, -678, 11743))
((-19, 491, 34), (1914, 596, 370), 1.0478121266899523, 1.317299517648339, -1.7379895795656917, (3404, 10817, -653, 11806))
((-75, 432, 22), (1876, 585, 249), 1.0186057286176533, 1.3115580884393911, -1.7671751204751915, (3423, 10760, -638, 11854))
((-217, 307, 1), (1870, 599, 133), 1.0020260237023055, 1.3068600383517277, -1.7794390440789123, (3458, 10723, -643, 11876))
((-446, 172, -68), (1907, 629, 13), 0.9992804212106546, 1.3035686158105526, -1.7737348748139405, (3527, 10706, -673, 11870))
((-815, 67, -138), (1928, 599, -44), 0.9991624245077204, 1.300967020840422, -1.756666389724814, (3643, 10692, -751, 11843))
((-1115, -2, -205), (1947, 514, -5), 0.996018963465808, 1.2987205943711175, -1.7358169643476722, (3796, 10671, -869, 11806))
((-1167, -41, -252), (1954, 391, 63), 0.9909834461898859, 1.2967143056335375, -1.7150684188618166, (3955, 10646, -998, 11766))
((-986, -57, -272), (1920, 307, 131), 0.9874257026833474, 1.2948162205125389, -1.6964520302983663, (4092, 10624, -1107, 11729))
((-673, -84, -245), (1915, 296, 192), 0.988224335571401, 1.2935605345609582, -1.6805294863490632, (4188, 10613, -1180, 11698))
((-387, -61, -195), (1920, 318, 224), 0.9914325729524655, 1.2925991293278427, -1.6681897519003115, (4247, 10610, -1221, 11675))
((-118, -33, -147), (1932, 351, 269), 0.9952830585018312, 1.2913912129202818, -1.6612905080158271, (4272, 10611, -1228, 11664))
((24, -31, -104), (1922, 401, 257), 1.002046316614786, 1.2908869968523267, -1.6548893654020598, (4277, 10620, -1220, 11655))
((92, -14, -96), (1917, 442, 303), 1.0083082102232153, 1.289521850198987, -1.6505863862428147, (4277, 10627, -1199, 11651))
((119, 0, -70), (1931, 471, 306), 1.0128629434273697, 1.2880058645863124, -1.6481328257230519, (4272, 10632, -1176, 11650))
((128, 13, -72), (1939, 495, 307), 1.0178478894331642, 1.2867593265490567, -1.6466779585279514, (4268, 10637, -1150, 11651))
((67, 27, -49), (1948, 481, 333), 1.0178057463538819, 1.2848387975028253, -1.6472080913141598, (4267, 10634, -1134, 11654))
((120, 27, -45), (1929, 464, 327), 1.0191586912623534, 1.2840333160193158, -1.648833623240974, (4258, 10635, -1114, 11659))
((138, 45, -14), (1942, 463, 329), 1.018125879322909, 1.283294133588611, -1.652997095090709, (4244, 10633, -1094, 11668))
((163, 90, -16), (1932, 438, 350), 1.0136944195323216, 1.2821282298916519, -1.661137075974374, (4226, 10625, -1070, 11684))
((221, 112, 31), (1960, 415, 362), 1.0069328833449038, 1.2815983236147896, -1.6725601069945286, (4195, 10616, -1045, 11705))
((325, 135, 48), (1958, 416, 356), 1.0004266908874304, 1.2813976425219948, -1.6865203424364956, (4149, 10609, -1008, 11731))
((384, 148, 81), (1971, 448, 359), 0.9939013759677012, 1.281544379232882, -1.7022063250437653, (4094, 10603, -965, 11760))
((377, 191, 78), (1982, 433, 345), 0.9855156851725256, 1.281298553242806, -1.7197125307301626, (4039, 10593, -921, 11792))
((380, 230, 81), (1979, 425, 402), 0.972336001051496, 1.2798038919049055, -1.7412456846560678, (3984, 10573, -875, 11831))
((418, 266, 74), (1968, 443, 383), 0.9604051595866094, 1.2781191139615418, -1.7632959354068583, (3928, 10553, -821, 11872))
((433, 278, 66), (1965, 435, 404), 0.9474698507298752, 1.2758429782033165, -1.7863101361959748, (3870, 10530, -764, 11915))
((474, 318, 69), (1946, 444, 402), 0.9340703590856654, 1.2730114715161271, -1.8110416748829277, (3808, 10504, -699, 11962))
((499, 321, 73), (1926, 458, 393), 0.9218993837163242, 1.2699611541252125, -1.8349531553597898, (3743, 10479, -630, 12008))
((516, 318, 51), (1933, 489, 361), 0.9141565917320319, 1.2666917937943625, -1.8551879570296361, (3680, 10459, -554, 12049))
((503, 320, 47), (1920, 531, 340), 0.9076131675055285, 1.262827100873482, -1.8733995752348458, (3620, 10439, -477, 12087))
((421, 332, 19), (1913, 526, 350), 0.9002027409857721, 1.2584580826823797, -1.891060973422383, (3573, 10414, -407, 12125))
((395, 310, 14), (1874, 540, 364), 0.8940379845029742, 1.254098371458318, -1.9068367500501067, (3531, 10390, -340, 12160))
((385, 279, 18), (1886, 548, 346), 0.890271686527934, 1.2506340480586147, -1.9203280783835117, (3488, 10372, -276, 12190))
((290, 259, -9), (1907, 556, 370), 0.8861286314603011, 1.2463663453477338, -1.9311819968777306, (3460, 10351, -222, 12216))
((285, 233, -26), (1890, 551, 349), 0.8846753714498622, 1.2426635405519189, -1.9397714631699583, (3434, 10335, -168, 12238))
((226, 208, -84), (1898, 620, 342), 0.8875544188117404, 1.2378906620575694, -1.9424732057877228, (3425, 10322, -112, 12252))
((147, 203, -120), (1855, 624, 384), 0.8890318605280079, 1.2323337370603895, -1.9448357191520924, (3431, 10303, -63, 12267))
((72, 152, -136), (1857, 636, 362), 0.8928881602145252, 1.2273358403817252, -1.9431860502558014, (3447, 10290, -23, 12274))
((-17, 112, -146), (1875, 647, 357), 0.8970850183857059, 1.2228905702422654, -1.9388834706907947, (3474, 10280, 3, 12275))
((-76, 77, -154), (1878, 621, 353), 0.9011871300285184, 1.2187896443154742, -1.9330708386410274, (3506, 10272, 20, 12272))
((-31, 58, -162), (1855, 603, 363), 0.9067217652804853, 1.215098517306932, -1.9266047546870921, (3534, 10268, 40, 12267))
((6, 37, -146), (1838, 646, 355), 0.9144108841519653, 1.2118390397882444, -1.9193682693075598, (3557, 10269, 66, 12260))
((-43, 0, -135), (1812, 681, 376), 0.9218078812991253, 1.208375223445197, -1.9108084266980685, (3586, 10270, 86, 12250))
((-86, -29, -105), (1816, 638, 381), 0.9273849344644592, 1.2063478561111884, -1.903033635451244, (3614, 10273, 91, 12239))
((-102, -52, -98), (1846, 635, 394), 0.9330638001956675, 1.2049221890386743, -1.8951469748120553, (3642, 10278, 92, 12227))
((-125, -73, -84), (1839, 631, 392), 0.9384077867359255, 1.2041117546515767, -1.8868578948909598, (3670, 10285, 86, 12213))
((-161, -90, -71), (1849, 626, 393), 0.9429288475186697, 1.2036264218326402, -1.8784409180947634, (3700, 10292, 73, 12198))
((-164, -116, -28), (1852, 566, 398), 0.945860148908312, 1.2047742537962092, -1.8714111979399508, (3721, 10302, 49, 12183))
((-110, -140, 19), (1866, 556, 404), 0.9493205717580366, 1.207219110360626, -1.8652603213265182, (3730, 10317, 25, 12168))
((-113, -193, 60), (1824, 584, 381), 0.9545771770329636, 1.210481169807204, -1.8567904366992234, (3735, 10339, -3, 12147))
((-168, -250, 92), (1810, 613, 342), 0.9624312931706441, 1.2150826855826364, -1.8451485708991897, (3745, 10369, -41, 12119))
((-230, -308, 107), (1825, 649, 341), 0.9715871174558528, 1.2200173241424181, -1.8301548189072658, (3761, 10403, -89, 12084))
((-337, -335, 113), (1836, 596, 369), 0.9780391507680651, 1.2257833924675623, -1.8159387584104436, (3787, 10433, -156, 12050))
((-370, -386, 132), (1879, 541, 331), 0.9857095277643163, 1.2331007744844937, -1.7990968931085214, (3810, 10470, -237, 12009))
((-389, -446, 125), (1878, 533, 281), 0.9985508990242652, 1.2412027789938878, -1.7768336252138321, (3835, 10517, -321, 11958))
((-373, -464, 113), (1891, 545, 274), 1.0141371154083236, 1.2489470235277398, -1.7520887329137886, (3861, 10566, -401, 11904))
((-343, -477, 108), (1846, 597, 299), 1.031621166473484, 1.2558250473802302, -1.726127543203645, (3888, 10614, -473, 11850))
((-347, -484, 160), (1843, 603, 308), 1.0481521505177653, 1.2629288017506892, -1.7005162317461657, (3911, 10660, -550, 11797))
((-346, -482, 220), (1913, 572, 294), 1.0628966168972147, 1.2716616687233941, -1.6773760726552036, (3923, 10705, -636, 11748))
((-433, -465, 309), (1964, 433, 349), 1.0680225678415718, 1.282775545090569, -1.6615569300296011, (3928, 10738, -753, 11709))
((-366, -450, 368), (1995, 318, 334), 1.0707575132049552, 1.2962537413138309, -1.65057384307952, (3911, 10771, -874, 11677))
((-261, -478, 358), (1999, 331, 268), 1.0808979431520502, 1.3089855735894502, -1.6331578218145124, (3883, 10814, -979, 11637))
((-256, -486, 281), (2032, 371, 340), 1.0943955095102331, 1.3199638922597245, -1.613476301026391, (3869, 10854, -1071, 11597))
((-284, -370, 269), (2057, 318, 255), 1.101820612981563, 1.3301697416546294, -1.5992616102075154, (3857, 10882, -1164, 11566))
((-385, -425, 206), (2006, 273, 173), 1.1174193517467805, 1.3396459514326922, -1.5738253652103487, (3861, 10917, -1265, 11520))
((-367, -448, 133), (2040, 332, 156), 1.142462219068665, 1.3479761546755016, -1.540588351922812, (3876, 10958, -1353, 11467))
((-486, -372, 95), (2041, 316, 223), 1.156623112378959, 1.3538610238923852, -1.5147275766589163, (3911, 10978, -1447, 11424))
((-434, -330, 40), (2017, 359, 251), 1.1703620179083136, 1.3572925320789178, -1.490191329004597, (3952, 10993, -1522, 11385))
((-341, -220, -26), (2056, 365, 364), 1.1736378049705876, 1.3582936557544822, -1.4790859168123462, (3994, 10992, -1571, 11365))
((-122, -133, -30), (1987, 393, 277), 1.1780360229735327, 1.3582455112564207, -1.471249026298886, (4012, 10995, -1588, 11353))
((-35, -118, -63), (1981, 451, 257), 1.1869679657425787, 1.357262786009386, -1.461914696679619, (4028, 11003, -1585, 11341))
((38, -35, -80), (1987, 524, 242), 1.1922280357305413, 1.3541454012776035, -1.4569849832274464, (4041, 11006, -1563, 11336))
((-17, 4, -88), (1934, 554, 168), 1.1971584397957935, 1.3504681511825225, -1.4512994809836839, (4064, 11007, -1544, 11329))
((-162, 21, -83), (1925, 560, 193), 1.196088403032054, 1.3469704819861597, -1.4491897886640224, (4104, 10998, -1542, 11324))
((-129, 39, -105), (1929, 518, 173), 1.1952606104872074, 1.3434590611541126, -1.4474457888038046, (4139, 10990, -1536, 11320))
((-121, 16, -104), (1919, 495, 166), 1.1962962583009304, 1.3405514318423464, -1.4442542571535062, (4172, 10985, -1532, 11314))
((-89, 9, -129), (1946, 489, 176), 1.1985558644033798, 1.337223051886356, -1.4399975325418028, (4202, 10982, -1523, 11307))
((-59, 38, -126), (1937, 437, 147), 1.1991176647587962, 1.3342754347521992, -1.4377254349101167, (4225, 10978, -1514, 11303))
((-43, 30, -141), (1963, 448, 101), 1.2031108667748902, 1.331118596591013, -1.4323039597608282, (4246, 10979, -1501, 11295))
((-64, 59, -165), (1984, 461, 89), 1.2064009961918718, 1.32776961003518, -1.42800449580013, (4273, 10978, -1487, 11288))
((-136, 60, -192), (1964, 412, 131), 1.2057071368134182, 1.324335471060769, -1.42615410690358, (4310, 10970, -1482, 11283))
((-62, 67, -211), (1974, 380, 150), 1.2049481249055054, 1.3203630416202605, -1.4249317432921236, (4338, 10963, -1468, 11280))
((76, 60, -226), (1969, 422, 112), 1.2107549690476904, 1.3161866550589616, -1.4209110909842817, (4353, 10967, -1433, 11275))
((29, 37, -233), (1977, 464, 110), 1.217781954799326, 1.3115701796462569, -1.4142229447831585, (4375, 10972, -1402, 11265))
((-57, 14, -230), (1994, 465, 110), 1.224533512251407, 1.3077185762001373, -1.4066708182691174, (4406, 10976, -1384, 11252))
((-150, 1, -226), (1993, 468, 153), 1.2281656656359659, 1.3037687942929082, -1.3997189437422886, (4449, 10974, -1379, 11238))
((-173, -18, -202), (1972, 448, 183), 1.2300123161695597, 1.3003441826199822, -1.3936702421623892, (4490, 10970, -1381, 11225))
((-132, -35, -175), (1950, 448, 155), 1.2339887990008327, 1.2978695423127733, -1.3865932716948686, (4522, 10971, -1383, 11211))
((-137, -70, -148), (1938, 468, 167), 1.2394550268707123, 1.295860938750708, -1.3776961570992505, (4552, 10975, -1389, 11194))
((-99, -66, -104), (1957, 472, 151), 1.2450590609515424, 1.294826364789546, -1.3695692612367323, (4572, 10981, -1396, 11179))
((-84, -83, -71), (1945, 453, 124), 1.2522364110279771, 1.2949114160154929, -1.3603981811373986, (4584, 10991, -1407, 11163))
((-13, -85, -40), (1952, 446, 116), 1.2601139223541191, 1.295808361278014, -1.352184283940957, (4583, 11004, -1414, 11150))
((34, -100, -33), (1933, 452, 133), 1.2695488716953283, 1.2966666602357535, -1.3435159597020425, (4577, 11020, -1415, 11137))
((68, -114, -24), (1949, 491, 128), 1.2806296283117988, 1.2971671059129741, -1.3332275038609671, (4567, 11039, -1412, 11122))
((43, -125, -14), (1970, 485, 145), 1.2906334122464629, 1.2981800090431554, -1.3237061786253668, (4559, 11056, -1415, 11108))
((64, -128, 12), (1975, 503, 127), 1.3022135923512537, 1.299475736680779, -1.3130784348515494, (4546, 11076, -1417, 11093))
((52, -118, 7), (1988, 486, 166), 1.3102348945693987, 1.3006575344839353, -1.3057410399167535, (4535, 11090, -1420, 11083))
((117, -68, 22), (2010, 457, 186), 1.3149140416183296, 1.3025476179568363, -1.3039361240616503, (4514, 11100, -1417, 11083))
((174, -32, 7), (2014, 436, 255), 1.314707525680012, 1.3034910055934061, -1.307576684612458, (4488, 11103, -1403, 11092))
((215, -11, -7), (1979, 456, 258), 1.3145318643296402, 1.303764587119041, -1.311935504501577, (4462, 11106, -1381, 11102))
((227, 18, -33), (1964, 487, 241), 1.3133787093005573, 1.3030599935097607, -1.3179105612425621, (4439, 11107, -1350, 11114))
((121, 20, -12), (1925, 536, 190), 1.3126605643359508, 1.3020637506567838, -1.3210494100511745, (4429, 11107, -1330, 11120))
((14, 28, 7), (1921, 544, 207), 1.3076306871107735, 1.3014754258860688, -1.3263074074420922, (4430, 11099, -1325, 11128))
((-28, 56, 23), (1914, 550, 175), 1.301635202923734, 1.301029356658914, -1.3318543465997956, (4435, 11089, -1325, 11136))
((-123, 57, 45), (1880, 533, 207), 1.291150907656088, 1.3012144342716598, -1.3400274125850955, (4449, 11071, -1340, 11147))
((-100, 59, 77), (1911, 485, 164), 1.282065737435166, 1.302821216156946, -1.3473897297934332, (4451, 11057, -1360, 11158))
((-1, 80, 95), (1923, 531, 161), 1.2735036813985776, 1.303725088017707, -1.3559702335581525, (4443, 11045, -1365, 11172))
((79, 101, 90), (1913, 558, 124), 1.2675653236580473, 1.3043893127505324, -1.3639290547671754, (4427, 11038, -1358, 11186))
((28, 71, 98), (1897, 586, 84), 1.2645663863063143, 1.3050788195256806, -1.3677621907139128, (4416, 11035, -1357, 11193))
((3, 81, 95), (1949, 521, 83), 1.260085413703892, 1.3066383104830586, -1.3730372905890467, (4405, 11030, -1363, 11202))
((9, 82, 89), (1944, 495, 117), 1.2535016900269456, 1.3081449130214664, -1.380304360262358, (4393, 11022, -1369, 11214))
((64, 83, 68), (1949, 508, 136), 1.2481144310803831, 1.308916813584616, -1.3872702553682668, (4378, 11016, -1365, 11226))
((106, 68, 51), (1937, 494, 99), 1.2470239493346622, 1.3097768494454345, -1.3912363184193044, (4359, 11017, -1355, 11234))
((122, 48, 31), (1933, 495, 87), 1.2486712493106251, 1.3104930856929613, -1.3931333702792545, (4340, 11022, -1341, 11239))
((107, 28, 28), (1951, 499, 81), 1.251661438690726, 1.3111406984559049, -1.3925141152215583, (4322, 11029, -1331, 11240))
((76, 30, 12), (1945, 487, 86), 1.2532983858906983, 1.3111764233331045, -1.3922855774376888, (4310, 11033, -1322, 11241))
((53, 12, 3), (1949, 499, 99), 1.256617745274007, 1.3113122275180418, -1.3903201904003943, (4302, 11039, -1315, 11239))
((26, -27, -7), (1964, 498, 102), 1.261559439770601, 1.3112752649467534, -1.3853345182981267, (4298, 11047, -1313, 11232))
((14, -58, -9), (1981, 487, 120), 1.2685151880953012, 1.311984229239741, -1.3790929173541848, (4295, 11058, -1314, 11223))
((22, -74, -11), (1987, 492, 118), 1.2761064593164104, 1.3122070261034346, -1.3714178565873452, (4291, 11070, -1314, 11212))
((-1, -96, -5), (1974, 497, 118), 1.2852668390685977, 1.313045199475274, -1.3626112484604733, (4290, 11084, -1318, 11199))
((-23, -94, -16), (1962, 488, 115), 1.2934042303855666, 1.3132625165056395, -1.3533516133852146, (4292, 11096, -1324, 11185))
((-73, -110, -17), (1961, 490, 155), 1.3001294107913595, 1.3135178122626503, -1.3446350798281834, (4301, 11105, -1336, 11171))
((-29, -105, -12), (1985, 473, 163), 1.306371802740602, 1.314134288155459, -1.3374568955872081, (4304, 11114, -1345, 11160))
((-39, -103, 4), (1966, 464, 189), 1.3111832391750706, 1.315414544378401, -1.3322058811705333, (4306, 11121, -1357, 11152))
((-38, -99, 19), (1974, 439, 180), 1.3143410182909494, 1.3165887985226077, -1.3272998579387065, (4304, 11126, -1372, 11145))
((-126, -79, 64), (1965, 375, 241), 1.3102920910961848, 1.319241885290374, -1.3282143188892024, (4306, 11120, -1405, 11146))
((-20, -13, 83), (2005, 403, 309), 1.2997033107510045, 1.3215042022666708, -1.3379677465306095, (4297, 11106, -1423, 11161))
((243, 196, 81), (2043, 421, 412), 1.2737812441880882, 1.3221650238311362, -1.3699692692217167, (4263, 11073, -1396, 11211))
((438, 429, 114), (1966, 414, 400), 1.2337331660965667, 1.321469143910383, -1.4202620261087577, (4204, 11022, -1339, 11290))
((773, 499, 127), (1899, 447, 208), 1.205083755504223, 1.3202777641826993, -1.4672463852220816, (4103, 10991, -1236, 11369))
((954, 409, 105), (1883, 508, 70), 1.1953828821972832, 1.3185985951510064, -1.4984980740021852, (3982, 10988, -1108, 11427))
((848, 471, 193), (1995, 522, 110), 1.1755950418437637, 1.3185670668998952, -1.5385239604433296, (3863, 10970, -1002, 11495))
((836, 337, 186), (1890, 662, -35), 1.1750591350052932, 1.3180984791231993, -1.5584873947273679, (3751, 10978, -892, 11533))
((415, 277, 246), (1930, 626, -69), 1.169334362982435, 1.3203961141907816, -1.5755039354481606, (3678, 10978, -847, 11561))
((46, 252, 149), (2041, 551, 67), 1.153059655009777, 1.3208230440600088, -1.5935212299949975, (3658, 10957, -844, 11587))
((-104, 288, 73), (2118, 372, 291), 1.1211464099734187, 1.32055525304868, -1.623833347189502, (3658, 10911, -862, 11629))
((137, 288, -66), (2026, 261, 374), 1.0943879274513213, 1.3180056976828642, -1.6541577014778117, (3643, 10869, -839, 11675))
((440, 258, -151), (1978, 284, 373), 1.0812088596273608, 1.3135657498984863, -1.6769273670549343, (3604, 10844, -767, 11715))
((829, 260, -168), (1962, 494, 321), 1.0844737824933293, 1.3068550691073155, -1.6917576234008023, (3533, 10839, -629, 11749))
((751, 320, -148), (1996, 646, 207), 1.0890559363790202, 1.2994327329961233, -1.7046164106137882, (3473, 10832, -491, 11780))
((413, 378, -232), (1986, 708, 183), 1.0878675676229512, 1.28954753834569, -1.7159289826534463, (3467, 10807, -382, 11809))
((74, 437, -274), (1956, 616, 281), 1.072411811580792, 1.278764184463133, -1.7337150739651392, (3501, 10755, -317, 11848))
((-41, 479, -364), (1907, 534, 413), 1.0504885047471184, 1.2660246006603177, -1.755527798973544, (3557, 10684, -260, 11897))
((183, 457, -374), (1839, 567, 384), 1.0386420447734674, 1.2530750519879583, -1.7721258997919322, (3589, 10627, -171, 11940))
((374, 465, -346), (1869, 575, 356), 1.03218335930188, 1.2411813021165656, -1.7879048968355689, (3594, 10580, -62, 11982))
((521, 505, -331), (1882, 614, 296), 1.0294006752932883, 1.2291066956704004, -1.8029349027050277, (3579, 10538, 67, 12023))
((480, 481, -390), (1892, 661, 291), 1.030125685156163, 1.216172842854912, -1.8135687374965215, (3576, 10498, 198, 12057))
((417, 437, -455), (1861, 705, 304), 1.0342193745496897, 1.202354491890364, -1.8194604573498612, (3591, 10460, 328, 12083))
((371, 425, -488), (1832, 719, 345), 1.038195187830305, 1.1878172317038211, -1.8242956380764428, (3615, 10419, 456, 12107))
((361, 379, -495), (1812, 731, 343), 1.0440588159225326, 1.1738567799864048, -1.8268493604809808, (3641, 10383, 580, 12125))
((292, 340, -549), (1837, 763, 355), 1.0515928584098888, 1.1592019152854454, -1.825760726712207, (3681, 10349, 700, 12135))
((266, 320, -557), (1758, 823, 378), 1.0594820146315063, 1.1441292555455056, -1.8240319911438536, (3729, 10314, 820, 12143))
((201, 269, -509), (1698, 831, 365), 1.0666704925769566, 1.1304993407136343, -1.8215001846896939, (3778, 10283, 924, 12147))
((113, 237, -442), (1749, 838, 358), 1.0716420490397571, 1.1188800495173379, -1.819028838892346, (3825, 10255, 1005, 12149))
((77, 215, -446), (1801, 835, 369), 1.0763627857376885, 1.1079484305970528, -1.8160914603349467, (3874, 10229, 1078, 12149))
((22, 162, -452), (1741, 879, 353), 1.082295962672205, 1.0969585556019166, -1.810401580059963, (3933, 10207, 1145, 12142))
((-206, 78, -413), (1703, 770, 461), 1.0821809806209035, 1.0883643500538969, -1.805807220052831, (4010, 10180, 1166, 12139))
((-132, 50, -349), (1681, 768, 318), 1.085939113172398, 1.081666841972662, -1.7982340393407654, (4067, 10170, 1188, 12125))
((-165, 32, -295), (1785, 881, 358), 1.0890068663066168, 1.075838081107642, -1.791248488036355, (4123, 10161, 1203, 12112))
((-258, 5, -272), (1689, 875, 360), 1.0904345080576203, 1.070394848341095, -1.7839924395743714, (4189, 10150, 1204, 12099))
((-290, -40, -174), (1695, 796, 391), 1.0894119411530137, 1.067968182078883, -1.778340956412367, (4242, 10143, 1182, 12089))
((-246, -60, -137), (1742, 796, 377), 1.0893252203316155, 1.0666570567076838, -1.7724436365992995, (4284, 10142, 1159, 12077))
((-168, -55, -84), (1732, 780, 395), 1.0893981361837135, 1.0664862479309047, -1.7682342068026184, (4310, 10144, 1139, 12068))
((-161, -60, -57), (1768, 793, 396), 1.089506548757804, 1.0669228284108407, -1.7642083178412469, (4331, 10148, 1117, 12059))
((-191, -39, -96), (1797, 836, 443), 1.088333713996331, 1.0659677300857688, -1.760902795509212, (4363, 10144, 1098, 12053))
((-235, -34, -137), (1743, 870, 447), 1.0872187355959333, 1.0635637596857062, -1.756498441138705, (4408, 10136, 1082, 12045))
((-342, -60, -131), (1742, 902, 496), 1.0838144176334135, 1.0610863816651512, -1.751668568666717, (4466, 10123, 1051, 12037))
((-433, -101, -145), (1760, 874, 444), 1.0806592496916305, 1.0593660727729184, -1.7444376732576505, (4534, 10114, 1005, 12023))
((-486, -99, -171), (1811, 860, 443), 1.077029942202961, 1.0575931244725514, -1.7364288051586787, (4608, 10104, 953, 12007))
((-592, -83, -297), (1787, 972, 448), 1.0742061200102044, 1.0523044795275542, -1.7255729980833212, (4716, 10085, 910, 11985))
((-760, -91, -431), (1706, 1096, 507), 1.070350098939938, 1.0427961481283663, -1.711537519799268, (4868, 10051, 869, 11956))
((-1013, -216, -592), (1650, 1156, 456), 1.069342650833272, 1.0311250760135524, -1.6878190541005555, (5071, 10021, 810, 11900))
((-1324, -484, -740), (1588, 1133, 369), 1.0735874426149636, 1.0201486589623405, -1.6509798552703814, (5325, 10011, 712, 11804))
((-1649, -819, -767), (1528, 1125, 308), 1.077573658534581, 1.013531943498449, -1.6046736437375277, (5611, 10016, 541, 11676))
((-1962, -1064, -652), (1538, 959, 208), 1.0797494897691051, 1.0119169499190743, -1.551834204402984, (5912, 10029, 299, 11523))
((-2113, -1035, -292), (1617, 655, 291), 1.0707099079961573, 1.017757118533064, -1.5084045598072968, (6178, 10021, -5, 11394))
((-1766, -790, 208), (1763, 319, 543), 1.051442522775536, 1.0314604107847851, -1.4852386510161002, (6337, 9996, -311, 11324))
((-980, -564, 577), (1839, 177, 751), 1.0241047694157885, 1.0538402001631704, -1.4883133652582157, (6345, 9970, -583, 11332))
((46, -527, 802), (1834, 186, 683), 1.0143411260560975, 1.0796819657304852, -1.497463889946711, (6212, 10012, -745, 11359))
((836, -661, 900), (1774, 485, 395), 1.0343382266157994, 1.1068407285523312, -1.4950417661394682, (5989, 10143, -804, 11359))
((945, -645, 908), (1870, 814, 232), 1.0649037805145014, 1.1315077675883036, -1.4849313326140479, (5762, 10290, -827, 11342))
((505, -492, 878), (1914, 902, 304), 1.0811598798857212, 1.1525669730092865, -1.4801761212242455, (5597, 10383, -884, 11336))
((80, -395, 837), (1911, 771, 599), 1.0756862778854293, 1.1708595654062046, -1.4869006741133621, (5489, 10413, -987, 11352))
((-1, -382, 868), (1920, 618, 684), 1.0619808956840615, 1.1904089519395633, -1.5003806468362175, (5383, 10427, -1110, 11379))
((178, -401, 876), (1912, 610, 694), 1.0512154898147732, 1.2096278014551716, -1.5146527251776116, (5256, 10451, -1209, 11406))
((541, -379, 834), (1965, 573, 535), 1.0515485826827047, 1.2287954937016807, -1.5260739079692276, (5088, 10503, -1259, 11429))
((818, -185, 691), (2086, 587, 447), 1.0539753648079162, 1.2434756264553215, -1.541551521155866, (4906, 10553, -1248, 11463))
((1116, 112, 526), (2032, 602, 445), 1.0519400965831889, 1.251663721997349, -1.5696914055398297, (4717, 10583, -1160, 11525))
((1397, 241, 475), (1858, 597, 313), 1.0537767941783605, 1.2571481783020901, -1.5997826749865758, (4503, 10617, -1021, 11592))
((1360, 157, 469), (1806, 772, 151), 1.0674424481829592, 1.262066322242582, -1.616946759569762, (4300, 10668, -877, 11633))
((1003, 193, 363), (1932, 742, 213), 1.0723404161397985, 1.2654932365102547, -1.6356057737789085, (4149, 10694, -769, 11672))
((628, 347, 272), (2004, 688, 273), 1.059634411089623, 1.2658843975654916, -1.6638721469802167, (4051, 10679, -695, 11725))
((456, 461, 171), (1959, 490, 356), 1.034184304859762, 1.2645364419360143, -1.7013051951380418, (3978, 10636, -639, 11793))
((709, 434, 153), (1877, 364, 257), 1.0172538652080336, 1.2639782177186938, -1.7347546179383313, (3869, 10612, -557, 11854))
((1006, 353, 130), (1893, 487, 240), 1.0160762880962864, 1.2629425216900438, -1.7590332218027092, (3735, 10613, -429, 11901))
((1047, 329, 95), (1905, 642, 255), 1.0208718310178946, 1.26018644234701, -1.778518485484662, (3608, 10617, -282, 11941))
((784, 325, 102), (1893, 649, 286), 1.0195720108762378, 1.257330333859624, -1.7984344888605035, (3512, 10608, -169, 11980))
((574, 261, 81), (1891, 595, 272), 1.0169999866890695, 1.2554656427013016, -1.814457181293722, (3438, 10599, -89, 12010))
((416, 213, 36), (1913, 574, 298), 1.0146785373753726, 1.2532846824588515, -1.826412065287075, (3387, 10589, -27, 12033))
((382, 195, 56), (1881, 550, 330), 1.0107264095227049, 1.2522651734845296, -1.8400853408994164, (3337, 10578, 25, 12058))
((417, 184, 110), (1865, 502, 285), 1.0067899685089177, 1.252377770314096, -1.853607855623654, (3273, 10572, 73, 12080))
((455, 149, 143), (1905, 521, 231), 1.0064468532794522, 1.2539567256819064, -1.8648840913390439, (3199, 10576, 122, 12096))
((405, 144, 131), (1947, 554, 205), 1.0070841180822623, 1.2553343059668232, -1.8738264410387182, (3134, 10581, 166, 12108))
((201, 152, 81), (1950, 615, 235), 1.0051420394531851, 1.2548957628940438, -1.8810471628800003, (3102, 10576, 195, 12120))
((17, 170, 21), (1933, 538, 292), 0.9970969958371333, 1.2535488015218375, -1.890111387042841, (3097, 10558, 201, 12137))
((76, 187, 6), (1903, 460, 372), 0.9855446899616003, 1.251852686551727, -1.9038002552987026, (3083, 10533, 212, 12162))
((268, 162, 5), (1898, 477, 348), 0.9816794569977365, 1.2506277035850901, -1.9142925745311616, (3049, 10521, 249, 12181))
((365, 148, -8), (1955, 488, 310), 0.9824090174687591, 1.2493517590444059, -1.9217481415394464, (3004, 10517, 300, 12194))
((315, 127, -113), (1979, 619, 276), 0.99002135717088, 1.245783460105501, -1.921349326970918, (2984, 10516, 363, 12198))
((50, 106, -249), (1942, 676, 262), 0.9996614640442648, 1.2395045122967079, -1.9131172464135442, (3016, 10510, 411, 12194))
((-217, 121, -360), (1957, 693, 333), 1.0039639301491234, 1.2305599603418735, -1.9036071656230746, (3094, 10488, 435, 12192))
((-395, 99, -468), (1889, 676, 354), 1.007581362987565, 1.220051214706421, -1.8910081785912698, (3206, 10460, 446, 12187))
((-427, 65, -510), (1854, 652, 401), 1.0110068950061344, 1.2090070565659683, -1.8772611035408564, (3326, 10431, 454, 12179))
((-450, 63, -572), (1850, 712, 418), 1.016152235985617, 1.1965404374781958, -1.8613277553978278, (3458, 10401, 469, 12167))
((-536, 13, -664), (1817, 822, 376), 1.0261007173322778, 1.1824599657001376, -1.838795249234985, (3617, 10376, 487, 12142))
((-689, -70, -752), (1778, 877, 295), 1.0404189721350345, 1.167644174113512, -1.8079736984086177, (3805, 10361, 494, 12097))
((-1001, -169, -790), (1749, 925, 245), 1.0531291967699994, 1.152921424273809, -1.7716712128351468, (4034, 10347, 463, 12036))
((-1433, -357, -810), (1706, 909, 270), 1.0620456866414703, 1.1399950144708857, -1.728779753727944, (4312, 10334, 366, 11954))
((-1758, -580, -784), (1681, 865, 277), 1.0665024020236977, 1.1307436847516588, -1.6815659671673455, (4616, 10323, 201, 11853))
((-1940, -815, -692), (1689, 760, 202), 1.073784469131571, 1.1261710857760383, -1.6269000397935154, (4923, 10330, -12, 11724))
((-1998, -933, -493), (1754, 614, 176), 1.0792753886629916, 1.1268541707333002, -1.572715262271138, (5207, 10342, -264, 11587))
((-1848, -860, -131), (1837, 349, 318), 1.0763786776845876, 1.1344577545497603, -1.5314820687485489, (5423, 10345, -539, 11476))
((-1398, -685, 215), (1936, 123, 488), 1.0588028352385384, 1.1513098258818513, -1.515235393006968, (5519, 10333, -822, 11424))
((-713, -526, 484), (1960, 32, 616), 1.0385239058381024, 1.1715285534932667, -1.517445593866918, (5504, 10328, -1044, 11417))
((31, -417, 660), (1949, 66, 577), 1.025604983187116, 1.1932274644302883, -1.5299166700195974, (5387, 10353, -1180, 11437))
((639, -319, 768), (1973, 188, 493), 1.0215892178575194, 1.2145859548716302, -1.547568696669243, (5194, 10406, -1235, 11472))
((919, -246, 747), (2040, 404, 295), 1.0295986171606182, 1.2337566647915492, -1.5602405373992474, (4980, 10481, -1234, 11499))
((894, -170, 655), (2066, 553, 235), 1.0398543915022511, 1.249007892172276, -1.5703201987786335, (4788, 10549, -1210, 11521))
((679, -63, 569), (2024, 650, 235), 1.0438262022775044, 1.2602329327094683, -1.5825228867138144, (4640, 10592, -1188, 11545))
((377, -73, 451), (1960, 689, 291), 1.044494830517069, 1.2678469427540202, -1.590664776599186, (4547, 10617, -1184, 11559))
((121, -145, 386), (1887, 671, 342), 1.044302128763812, 1.2747466756513202, -1.5937676709568747, (4493, 10635, -1208, 11561))
((-24, -203, 384), (1857, 616, 382), 1.0415114653600885, 1.2823098417745848, -1.5961704909113286, (4455, 10648, -1255, 11559))
((-22, -195, 431), (1898, 560, 450), 1.0329391035176771, 1.290675640566397, -1.604381293247728, (4410, 10654, -1309, 11565))
((67, -125, 444), (1932, 545, 432), 1.0209209094754048, 1.2986328030759415, -1.6180757787756892, (4353, 10656, -1351, 11580))
((194, -65, 389), (1927, 580, 388), 1.012150208268448, 1.3045094181299024, -1.6313075856436876, (4290, 10661, -1364, 11597))
((250, 19, 369), (1933, 509, 350), 0.9997427079609541, 1.3098830865216013, -1.6496958427247477, (4220, 10661, -1368, 11622))
((358, 61, 350), (1950, 491, 281), 0.9891910170749428, 1.3149558756791153, -1.6688473393802774, (4139, 10665, -1356, 11649))
((376, 89, 282), (1956, 470, 284), 0.9789040135177023, 1.3183676564631106, -1.6879403853180923, (4064, 10666, -1333, 11677))
((338, 85, 214), (1932, 482, 248), 0.9732447280735584, 1.320767662709088, -1.7017656272048165, (4002, 10670, -1306, 11698))
((255, 92, 140), (1951, 472, 231), 0.9694643054406609, 1.3219064354382999, -1.7118112277943378, (3958, 10672, -1281, 11714))
((249, 61, 77), (1953, 457, 200), 0.9713655274002122, 1.3226097336517537, -1.7157475317620157, (3922, 10680, -1253, 11722))
((187, -20, 43), (1945, 433, 163), 0.9796916795699551, 1.3240454613061388, -1.7115653113813898, (3893, 10698, -1234, 11717))
((128, -78, 5), (1958, 466, 142), 0.9946099766194264, 1.3252557221076002, -1.6994519773752352, (3877, 10723, -1218, 11701))
((18, -84, -71), (1974, 560, 212), 1.0099997740941264, 1.3235622028048208, -1.6838134626061423, (3890, 10740, -1201, 11682))
((-124, -66, -155), (1965, 487, 170), 1.0248381562722848, 1.3219101860392344, -1.6669932425548764, (3925, 10753, -1198, 11660))
((-224, -129, -157), (1915, 456, 231), 1.037654133606403, 1.319883548827824, -1.648307536965617, (3971, 10763, -1211, 11633))
((-57, -165, -206), (1931, 372, 212), 1.0573561267875295, 1.3185870701725275, -1.626647943339733, (3998, 10786, -1206, 11603))
((-27, -146, -186), (1963, 459, 224), 1.0760969716334934, 1.3164973557261295, -1.606689066907655, (4023, 10807, -1193, 11576))
((55, -105, -221), (1970, 472, 215), 1.0946715962457279, 1.3132337040903865, -1.5886497719324495, (4043, 10827, -1164, 11553))
((-5, -42, -247), (1960, 470, 195), 1.108380619953318, 1.309199507301579, -1.5746504815718843, (4073, 10838, -1138, 11535))
((3, -28, -215), (1948, 416, 211), 1.1178282134614148, 1.3060708165485913, -1.5653663226587486, (4096, 10845, -1117, 11523))
((-31, -26, -202), (1960, 441, 277), 1.1235284688198852, 1.3026215312336396, -1.5586009973923056, (4123, 10846, -1101, 11514))
((-3, -24, -195), (1969, 431, 277), 1.1283918988989277, 1.299195873195277, -1.5525748886533117, (4144, 10847, -1084, 11506))
((-81, 5, -220), (1979, 472, 312), 1.130283982704051, 1.2948596711974176, -1.5488268188794683, (4181, 10840, -1069, 11501))
((19, 18, -236), (1970, 441, 199), 1.13689754241936, 1.2909314445754887, -1.5420939492545316, (4203, 10843, -1044, 11492))
((127, 14, -286), (1951, 512, 219), 1.1484961741251272, 1.2857094030488612, -1.5338553427863748, (4223, 10852, -994, 11482))
((120, 13, -298), (1925, 601, 154), 1.1631284815462726, 1.2793335215395112, -1.5217664013865375, (4249, 10865, -939, 11465))
((15, 21, -325), (1937, 590, 175), 1.1735865793205091, 1.272194249019774, -1.5109266409199331, (4289, 10870, -895, 11448))
((5, 25, -342), (1897, 540, 189), 1.1825338236769836, 1.2653333998605818, -1.5018870935635644, (4330, 10873, -853, 11433))
((70, -11, -330), (1880, 556, 178), 1.1947279565708482, 1.2590731236542838, -1.4907812113107448, (4361, 10884, -807, 11414))
((104, -48, -314), (1923, 525, 178), 1.2081279824177087, 1.253721215399917, -1.478882349382072, (4382, 10900, -763, 11393))
((166, -16, -290), (1948, 582, 218), 1.2195539244983178, 1.2484614380782928, -1.4710542740097603, (4397, 10913, -711, 11379))
((118, -34, -270), (1870, 603, 225), 1.2296927481156483, 1.2431339598649451, -1.463218869477199, (4416, 10924, -665, 11364))
((46, -66, -242), (1893, 586, 170), 1.2404221260227906, 1.2388851823654023, -1.4526504647683562, (4438, 10938, -636, 11343))
((41, -52, -211), (1934, 608, 191), 1.2493846422506638, 1.2354726353735794, -1.4443309943210518, (4456, 10950, -611, 11326))
((47, -57, -187), (1885, 616, 207), 1.2570414799174425, 1.2320219283587155, -1.437186322733898, (4472, 10960, -586, 11311))
((9, -69, -145), (1917, 616, 215), 1.2633804296996278, 1.2300023927361614, -1.431096395807573, (4487, 10969, -573, 11298))
((7, -82, -107), (1901, 621, 207), 1.2695338704823138, 1.2284238392693199, -1.4243512135689225, (4497, 10979, -565, 11284))
((-33, -84, -55), (1880, 602, 216), 1.2734904490950771, 1.2280079917816524, -1.4190167509977796, (4506, 10986, -569, 11273))
((9, -104, -24), (1893, 575, 179), 1.2799883812294932, 1.228898723377954, -1.4121652721719453, (4503, 11000, -575, 11260))
((53, -102, 12), (1913, 582, 185), 1.286418273110684, 1.2306865520090364, -1.4069499110984403, (4490, 11015, -579, 11251))
((39, -89, 40), (1907, 586, 208), 1.2906672508207724, 1.2327107344186639, -1.4031671919298685, (4477, 11026, -588, 11245))
((44, -81, 63), (1903, 602, 199), 1.2943649675154352, 1.234855354686472, -1.4003138807856585, (4462, 11036, -596, 11241))
((64, -90, 94), (1906, 598, 188), 1.2985778572580817, 1.2376233757068413, -1.3970831705382531, (4440, 11048, -606, 11237))
((63, -91, 120), (1913, 571, 154), 1.3038456390051374, 1.2414602612223846, -1.392939244265358, (4413, 11063, -622, 11232))
((97, -75, 131), (1956, 561, 185), 1.3069480772742204, 1.2453362380881878, -1.3917593165452415, (4381, 11074, -634, 11233))
((121, -54, 132), (1947, 577, 204), 1.3091160107569773, 1.2489510983647003, -1.3921713303172967, (4347, 11083, -641, 11237))
((161, -61, 134), (1895, 605, 159), 1.3142087490119647, 1.252025688066015, -1.3904398821207908, (4311, 11097, -640, 11237))
((91, -63, 151), (1932, 602, 157), 1.3177198296041273, 1.2559143109693978, -1.3893137623226905, (4281, 11108, -651, 11238))
((68, -52, 156), (1942, 566, 163), 1.3189628622749614, 1.2596950849442377, -1.389223591069718, (4251, 11115, -666, 11241))
((63, -41, 159), (1942, 581, 197), 1.318699772658618, 1.26352402428636, -1.3909418263023205, (4223, 11119, -681, 11247))
((88, -50, 143), (1929, 649, 171), 1.3208222410894925, 1.2657564373328918, -1.3902255178293534, (4199, 11126, -685, 11248))
((-2, -70, 141), (1906, 649, 146), 1.323826734164703, 1.2683175526128627, -1.386945434524607, (4185, 11134, -701, 11244))
((-6, -79, 131), (1951, 588, 151), 1.3266919067164173, 1.2715712718173688, -1.384080606150676, (4170, 11142, -721, 11241))
((74, -57, 125), (1920, 620, 181), 1.3291167602796214, 1.273993033098207, -1.3834400138655316, (4149, 11149, -726, 11242))
((104, -49, 123), (1902, 643, 167), 1.332254177861513, 1.2756530664103651, -1.3822108336944448, (4126, 11157, -724, 11242))
((92, -51, 132), (1885, 640, 132), 1.3359939020745641, 1.2776624313103557, -1.380375136804803, (4104, 11166, -725, 11241))
((36, -37, 140), (1910, 617, 152), 1.336817344418315, 1.2801249627095226, -1.3803764478663867, (4086, 11170, -735, 11243))
((65, -34, 146), (1934, 575, 137), 1.338372416551351, 1.283345664036155, -1.3805841499161673, (4061, 11176, -745, 11246))
((83, -19, 142), (1920, 565, 143), 1.338770860878587, 1.2862443371202927, -1.3820158835427405, (4035, 11180, -752, 11251))
((49, -9, 138), (1948, 575, 124), 1.3381834153464764, 1.2885572583784388, -1.383066304278063, (4013, 11182, -761, 11255))
((1, -12, 143), (1948, 561, 114), 1.3377304201499898, 1.2917379838874474, -1.384318110951547, (3996, 11184, -777, 11259))
((-73, -10, 150), (1949, 532, 97), 1.335501441988734, 1.2951481077635372, -1.3851746167033823, (3985, 11183, -805, 11262))
((-50, -21, 148), (1950, 510, 127), 1.3331369897192433, 1.2987362871683117, -1.3866263968973138, (3972, 11182, -832, 11266))
((0, -31, 170), (1952, 553, 97), 1.3336288844034367, 1.3020456796929503, -1.3858720853823396, (3952, 11186, -852, 11267))
((45, -35, 203), (1921, 593, 141), 1.333927185553981, 1.3055332956918448, -1.3868367343434442, (3927, 11190, -866, 11271))
((51, -76, 297), (1874, 655, 175), 1.3341538583888495, 1.3100935196942365, -1.3873469199268602, (3895, 11195, -888, 11275))
((44, -143, 489), (1853, 772, 234), 1.3349322782414386, 1.3174689107914976, -1.3876028296075367, (3849, 11203, -926, 11280))
((55, -219, 804), (1841, 768, 217), 1.3367416349395598, 1.331489446085266, -1.3867095565572214, (3764, 11218, -1003, 11287))
((71, -254, 1114), (1887, 579, 131), 1.337636249001064, 1.3541647079132726, -1.387241411905415, (3627, 11238, -1128, 11300))
((98, -233, 1218), (1975, 258, 19), 1.3358633490849348, 1.3824768720260963, -1.3911167596418894, (3453, 11258, -1282, 11318))
((143, -133, 1106), (2072, -120, -83), 1.3261859830120513, 1.41192658333763, -1.4038147734562567, (3265, 11271, -1437, 11342))
((250, -45, 822), (2074, -177, -8), 1.3041184914010144, 1.4346207304721854, -1.4308421077727331, (3101, 11273, -1541, 11372))
((219, -5, 514), (2151, -86, -2), 1.2840489794130105, 1.4492103386740578, -1.4552966075231684, (2987, 11274, -1601, 11393))
((164, 8, 329), (2134, 176, 63), 1.2681619267964133, 1.4570657524622588, -1.475541923237953, (2922, 11273, -1625, 11408))
((21, -10, 284), (2128, 172, -6), 1.2589925244434792, 1.4632699595596208, -1.484376722475812, (2880, 11274, -1661, 11412))
((-17, 9, 242), (2081, 165, -18), 1.2500662247080236, 1.4699557501090248, -1.4951208082447087, (2849, 11274, -1696, 11416))
((-8, 12, 173), (2036, 150, -2), 1.240901535418246, 1.47390534981177, -1.5038304547991952, (2825, 11273, -1721, 11419))
((27, 16, 137), (2041, 236, -1), 1.2370527877576085, 1.4754412670256956, -1.5066956266949356, (2807, 11274, -1731, 11420))
((34, 20, 145), (1989, 272, 43), 1.2285078628566153, 1.4773626797801525, -1.5164682669078964, (2792, 11272, -1737, 11425))
((-46, 17, 129), (1983, 204, 48), 1.2175784660228455, 1.4804788113762413, -1.5282553044598481, (2784, 11268, -1756, 11429))
((-67, 6, 88), (1992, 184, 10), 1.21384164327685, 1.4813776411370558, -1.52889650032246, (2781, 11267, -1774, 11427))
((-36, 12, 34), (1994, 202, 41), 1.2126309325537903, 1.48226635810616, -1.5305945598987465, (2784, 11266, -1780, 11427))
((-52, -5, -24), (2010, 262, 27), 1.2217549610225589, 1.4800646658799408, -1.5188712952588934, (2799, 11268, -1777, 11421))
((-98, -13, -69), (2001, 247, 74), 1.2299616388414243, 1.4779506829965643, -1.5085952965029594, (2824, 11268, -1776, 11415))
((-86, -28, -68), (1975, 272, 59), 1.243257004820696, 1.4763515415303485, -1.4946716079763678, (2849, 11271, -1773, 11407))
((-84, -39, -37), (2013, 259, 46), 1.2578188201083877, 1.4750722303687491, -1.478295730510218, (2868, 11276, -1775, 11397))
((-102, -28, -17), (2018, 297, 46), 1.2690027773793902, 1.473641616380677, -1.4647379331602801, (2889, 11279, -1779, 11388))
((-179, -29, -39), (2018, 253, 56), 1.2756125424811253, 1.472133927104727, -1.454182464254655, (2920, 11278, -1792, 11379))
((-199, -27, -38), (2013, 192, 51), 1.2797586678187054, 1.4712185459701048, -1.4449778980230177, (2948, 11276, -1813, 11370))
((-203, -15, -60), (2044, 175, 42), 1.2828967644811633, 1.4705827079740945, -1.4378774206723568, (2979, 11273, -1833, 11362))
((-209, 17, -107), (2034, 179, 59), 1.280755531487002, 1.4685924897574167, -1.435840964160187, (3017, 11266, -1846, 11357))
((-202, 21, -160), (2031, 157, 58), 1.2809633842144466, 1.46602831025349, -1.4318232755418787, (3058, 11260, -1854, 11351))
((-177, 13, -216), (2045, 187, 57), 1.2869943197001716, 1.4620055781546737, -1.422346258331096, (3105, 11257, -1851, 11342))
((-237, 40, -303), (2056, 237, 82), 1.289316834846809, 1.4547601381489295, -1.413759487690768, (3173, 11249, -1841, 11332))
((-286, 78, -330), (2014, 211, 62), 1.286033858092557, 1.448154990991011, -1.4117445131608124, (3249, 11236, -1835, 11325))
((-352, 129, -358), (2041, 153, 123), 1.2676305657710554, 1.440719532841837, -1.4222848668044012, (3333, 11210, -1836, 11326))
((-349, 157, -370), (2073, 102, 84), 1.249183988043427, 1.4332317783075097, -1.4317181401181975, (3413, 11183, -1840, 11327))
((-239, 263, -529), (2103, 205, 135), 1.2278395155753945, 1.4215291313454186, -1.4483371508354879, (3508, 11149, -1801, 11338))
((-136, 399, -714), (2103, 314, 206), 1.2012717424794401, 1.403979543300163, -1.472519470194492, (3621, 11102, -1716, 11362))
((-54, 581, -892), (2093, 346, 260), 1.168173579687841, 1.3807372656684902, -1.5042594972589958, (3749, 11036, -1592, 11402))
((172, 737, -980), (2024, 373, 389), 1.131545841984869, 1.3543844792535675, -1.545613912705329, (3865, 10953, -1423, 11466))
((582, 830, -898), (1921, 309, 294), 1.104443371261535, 1.329531564952337, -1.5863260243281365, (3916, 10879, -1214, 11543))
((1017, 688, -713), (1816, 354, 195), 1.100927818477522, 1.3100355422746095, -1.613098336345043, (3888, 10845, -978, 11607))
((1227, 534, -451), (1821, 489, 181), 1.1085674151131346, 1.2960579169871886, -1.6332368473994585, (3806, 10837, -745, 11659))
((1090, 352, -143), (1794, 623, 101), 1.121012089456574, 1.2890159611209382, -1.6460086900556452, (3705, 10848, -564, 11692))
((631, 146, 76), (1815, 745, 27), 1.134950419390798, 1.28722808744094, -1.646682737286438, (3633, 10870, -468, 11698))
((-26, -13, 165), (1869, 681, -32), 1.1432048624472197, 1.2897190927984412, -1.6382139775981466, (3621, 10889, -479, 11683))
((-628, -107, 187), (1937, 546, 11), 1.1402277230771873, 1.2947593536658177, -1.6277011324736932, (3670, 10892, -582, 11660))
((-829, -183, 80), (1950, 412, 93), 1.1367543354051604, 1.2997521808688048, -1.6131917487041632, (3750, 10891, -711, 11629))
((-781, -246, -49), (1959, 393, 143), 1.1401827037041206, 1.302444639211441, -1.5922088912601755, (3839, 10895, -821, 11589))
((-631, -261, -150), (1973, 403, 174), 1.1502099539114043, 1.303000885071773, -1.5674448323534658, (3924, 10905, -901, 11545))
((-469, -253, -168), (1963, 440, 208), 1.16285831163725, 1.3021919931603425, -1.543031011347963, (3995, 10918, -955, 11503))
((-318, -228, -129), (1949, 464, 258), 1.1739023390274341, 1.3017049665093976, -1.5244045573663867, (4046, 10930, -991, 11471))
((-216, -205, -56), (1946, 495, 282), 1.1825869378364229, 1.302085555246037, -1.510524374832418, (4078, 10941, -1020, 11447))
((-201, -196, 10), (1944, 510, 283), 1.1894105548684237, 1.3036120431203146, -1.499236357164076, (4101, 10951, -1053, 11427))
((-203, -207, 52), (1957, 506, 271), 1.1954545533353633, 1.3054151525268025, -1.487349628639557, (4119, 10961, -1092, 11406))
((-215, -187, 76), (1972, 489, 255), 1.199766140005879, 1.3083584930964736, -1.4781167219882079, (4134, 10969, -1136, 11389))
((-213, -152, 92), (1971, 468, 284), 1.1994670244536993, 1.3110166708846192, -1.4728292757871924, (4147, 10970, -1181, 11378))
((-226, -146, 92), (1958, 469, 272), 1.1994500049358259, 1.314251185648906, -1.4683336953908634, (4162, 10971, -1227, 11368))
((-294, -159, 71), (1942, 492, 247), 1.2002136788294375, 1.3159028290685437, -1.4596914233035014, (4189, 10971, -1277, 11351))
((-417, -176, 57), (1941, 507, 236), 1.2019363912109036, 1.318311758494206, -1.4495296643656725, (4233, 10970, -1340, 11330))
((-587, -194, 42), (1948, 537, 235), 1.2015003526278902, 1.3192368865519875, -1.4358040972185804, (4301, 10962, -1421, 11301))
((-795, -226, 36), (1941, 544, 225), 1.2002915234346643, 1.320746464979074, -1.4192014140656468, (4394, 10949, -1528, 11264))
((-1040, -253, 24), (1955, 528, 219), 1.1970688034883799, 1.322687179239938, -1.39986853917224, (4515, 10928, -1665, 11218))
((-1257, -276, 13), (1974, 493, 205), 1.19087969690523, 1.3244782791217167, -1.377595690520357, (4661, 10897, -1831, 11162))
((-1387, -292, -4), (1987, 450, 212), 1.183132917824872, 1.3268044115679445, -1.3544722577436463, (4820, 10859, -2014, 11100))
((-1430, -298, -14), (1978, 414, 189), 1.1758417119217253, 1.3293502403273414, -1.3295881949137571, (4982, 10818, -2204, 11032))
((-1409, -298, -25), (1970, 391, 169), 1.1702847689879696, 1.3320697322435062, -1.3038924078713032, (5140, 10777, -2390, 10961))
((-1352, -290, -32), (1971, 371, 149), 1.1663047915957783, 1.3347962176415693, -1.2779040269895598, (5289, 10737, -2568, 10889))
((-1275, -277, -36), (1981, 375, 150), 1.1630469944686042, 1.3369916849603214, -1.2520589241489712, (5430, 10697, -2736, 10817))
((-1184, -251, -42), (2004, 364, 130), 1.1617245953585753, 1.3396340814040553, -1.22763952237537, (5560, 10660, -2891, 10748))
((-1054, -227, -93), (1982, 344, 96), 1.1637645675990824, 1.34078814462346, -1.2014466360187526, (5678, 10629, -3025, 10679))
((-933, -198, -122), (1991, 352, 114), 1.1666734713301903, 1.3413371925321502, -1.1779970538061784, (5787, 10601, -3138, 10616))
((-791, -174, -147), (1970, 328, 127), 1.170150221614127, 1.341032555670153, -1.1565776192554895, (5883, 10577, -3231, 10559))
((-650, -144, -134), (1962, 331, 161), 1.171737941254686, 1.3405283515060784, -1.140120153564895, (5962, 10555, -3306, 10513))
((-478, -119, -101), (1944, 314, 173), 1.1731486848772603, 1.3405815017148397, -1.1279675022346887, (6018, 10539, -3363, 10479))
((-310, -95, -66), (1954, 319, 169), 1.1752442734541175, 1.341086278578247, -1.1186257224572764, (6052, 10530, -3404, 10455))
((-174, -71, -36), (1959, 339, 180), 1.1772061073311282, 1.3419542956952148, -1.11282168313192, (6069, 10526, -3430, 10441))
((-91, -49, -17), (1980, 354, 169), 1.1790083418294386, 1.3428290872168127, -1.1090842667082002, (6076, 10525, -3446, 10433))
((-33, -29, -9), (1992, 364, 159), 1.1804854121120734, 1.3434747638848972, -1.1064897145998507, (6075, 10526, -3455, 10429))
((29, -11, -21), (1992, 369, 173), 1.1812750226589919, 1.343855095544054, -1.1064277355246572, (6071, 10528, -3454, 10430))
((37, -8, -22), (1988, 387, 174), 1.1825903745314816, 1.3436302288497748, -1.1054609536309412, (6067, 10531, -3450, 10430))
((27, -8, -19), (1989, 382, 196), 1.1826683014392034, 1.3439286864680686, -1.1062660153863502, (6064, 10532, -3448, 10432))
((25, -3, -9), (2000, 366, 201), 1.1812040231597563, 1.3439720505204982, -1.1077778939603369, (6060, 10531, -3447, 10435))
((34, 9, -11), (1981, 363, 211), 1.178668348620721, 1.3444017917585618, -1.1112748612034233, (6055, 10529, -3445, 10441))
((46, 18, -11), (1979, 363, 208), 1.1758500428354297, 1.3445788424156906, -1.11534080741624, (6050, 10527, -3440, 10448))
((67, 29, -12), (1989, 356, 195), 1.1731544498531459, 1.3447099582717685, -1.119514115751503, (6042, 10526, -3433, 10456))
((100, 36, 1), (1976, 367, 192), 1.170071696901456, 1.3448708151520945, -1.1248234068607195, (6029, 10526, -3422, 10467))
((123, 37, 17), (1980, 376, 194), 1.1671884797079979, 1.3451997617497646, -1.1303181880640358, (6013, 10527, -3410, 10479))
((125, 43, 27), (1976, 380, 194), 1.1632141437996864, 1.3456684833728378, -1.1370366312195903, (5995, 10527, -3398, 10493))
((118, 42, 26), (1975, 371, 186), 1.1602153458593065, 1.3464653224587668, -1.1432353277788703, (5978, 10528, -3387, 10506))
((109, 41, 24), (1978, 388, 186), 1.1568604677186214, 1.3464455626491982, -1.1483584680445313, (5963, 10528, -3376, 10517))
((98, 41, 17), (1985, 388, 181), 1.154630770710826, 1.3468618516148991, -1.1530830512995807, (5950, 10529, -3366, 10527))
((86, 43, 11), (1983, 411, 175), 1.1520295881339078, 1.3465205920299026, -1.157442040658286, (5940, 10529, -3354, 10536))
((62, 47, 4), (1974, 402, 178), 1.1493777756175705, 1.3464138500570733, -1.161739765549569, (5933, 10528, -3345, 10544))
((41, 51, 1), (1984, 397, 175), 1.1459438996075357, 1.346182551741374, -1.16601579693624, (5929, 10525, -3339, 10551))
((35, 53, 0), (1963, 392, 188), 1.1418404244398204, 1.3458638168910193, -1.1711304257504296, (5926, 10521, -3332, 10559))
((36, 49, 1), (1969, 396, 186), 1.137809312814506, 1.3457424567680603, -1.1763047090585308, (5923, 10517, -3326, 10567))
((33, 44, 10), (1968, 400, 175), 1.1352303272524589, 1.345710975096159, -1.17986715986344, (5919, 10515, -3321, 10573))
((22, 41, 17), (1959, 400, 180), 1.1313173035634407, 1.3453688951552443, -1.1836584350413826, (5915, 10511, -3318, 10579))
((10, 45, 19), (1970, 394, 179), 1.1276544459924382, 1.3460792777817407, -1.188539637802785, (5912, 10507, -3318, 10586))
((6, 52, 10), (1968, 404, 167), 1.124242744242428, 1.3457157821976231, -1.1920024909544935, (5911, 10503, -3315, 10591))
((-18, 57, -14), (1964, 418, 154), 1.121180686904952, 1.3446123951132183, -1.1940898842668985, (5916, 10498, -3312, 10593))
((-58, 42, -18), (1954, 410, 164), 1.1192184807682732, 1.3443469973956699, -1.1957402192241873, (5926, 10493, -3314, 10593))
((-58, 37, -4), (1964, 385, 161), 1.116072098594462, 1.3444268202919392, -1.1979479821679881, (5932, 10487, -3320, 10594))
((-69, 12, 15), (1955, 396, 197), 1.112436597588197, 1.3445975781703907, -1.1997905504160717, (5938, 10480, -3330, 10594))
((-1, 45, 23), (1964, 445, 148), 1.1113866026649644, 1.3444368457459155, -1.200999734723233, (5937, 10479, -3328, 10596))
((-53, 18, -12), (1953, 456, 103), 1.1152297450013653, 1.3439873242926608, -1.196242329012128, (5945, 10482, -3330, 10588))
((-152, 22, -3), (1973, 426, 25), 1.1188140812676928, 1.3445717338582464, -1.19001448414999, (5959, 10482, -3348, 10575))
((-391, -82, 9), (1941, 387, 91), 1.121418830165832, 1.3460452423815508, -1.1784714520460038, (5996, 10472, -3403, 10546))
((-465, -128, 73), (1954, 304, 123), 1.1205183060984751, 1.3499236640744976, -1.1691484159956655, (6029, 10456, -3480, 10518))
((-361, -113, 102), (1960, 304, 175), 1.1166425275012384, 1.3538737281768194, -1.1646029084051905, (6048, 10440, -3547, 10500))
((-336, -101, 90), (2008, 269, 252), 1.1086181041387266, 1.3577872809246705, -1.1655300028182816, (6068, 10419, -3609, 10489))
((-200, -22, 120), (2033, 231, 346), 1.0885832595547176, 1.360668723323053, -1.180264242953063, (6072, 10389, -3653, 10500))
((28, -52, 79), (1985, 257, 285), 1.082792478175118, 1.363928922401127, -1.1874229559534548, (6055, 10385, -3668, 10510))
((124, 40, 46), (2054, 326, 352), 1.0702300460923928, 1.3636387103488838, -1.2017704056062462, (6039, 10375, -3656, 10532))
((168, 39, -1), (1957, 376, 236), 1.0691810867524216, 1.3630798604483867, -1.2069529298121364, (6023, 10380, -3632, 10545))
((40, 77, 6), (1998, 331, 314), 1.0560517559056888, 1.3620190952106892, -1.2207041945422192, (6022, 10365, -3623, 10563))
((36, 129, -5), (2042, 331, 314), 1.0396150522991168, 1.3605581638213557, -1.238512193468415, (6025, 10345, -3610, 10586))
((103, 156, -31), (2011, 297, 346), 1.0217113373160558, 1.3581563857429861, -1.2586428513622536, (6022, 10325, -3586, 10615))
((280, 148, -43), (1915, 411, 205), 1.019596777038699, 1.3551965589530506, -1.2670571714552619, (6004, 10330, -3536, 10637))
((142, 40, -69), (1917, 440, 164), 1.027714035764806, 1.3530525711604475, -1.2622584683395164, (6000, 10343, -3505, 10637))
((-7, 13, -58), (1971, 458, 133), 1.0357141646392214, 1.3515585810775526, -1.2542853734693347, (6010, 10351, -3495, 10627))
((-153, 53, -91), (1994, 420, 201), 1.0347661405777, 1.3488714296464537, -1.2516262753631262, (6041, 10341, -3497, 10618))
((-65, 23, -129), (1929, 346, 157), 1.0401077054494858, 1.3469705155531349, -1.2449501310521789, (6060, 10343, -3492, 10607))
((71, -41, -127), (1953, 334, 124), 1.0537216189528138, 1.3462502670019931, -1.2329856832276371, (6059, 10362, -3478, 10594))
((192, -94, -123), (1926, 324, 58), 1.0768382646247776, 1.346329851401241, -1.2136449265054057, (6039, 10399, -3456, 10576))
((382, -123, -92), (1968, 320, 119), 1.1021384021885765, 1.3472567532996098, -1.1967031431894535, (5995, 10446, -3417, 10568))
((729, -25, -98), (1989, 307, 216), 1.120823693808662, 1.3463206465724256, -1.1934209381652112, (5917, 10496, -3329, 10590))
((1092, 142, -92), (1984, 352, 235), 1.1331482203223857, 1.3439217304264444, -1.205658178730429, (5805, 10549, -3186, 10644))
((1296, 205, -129), (1977, 342, 241), 1.1444688733280826, 1.3400048716292194, -1.2225561187307734, (5674, 10605, -3012, 10709))
((1480, 231, -145), (1977, 331, 235), 1.15866054766156, 1.33581599564556, -1.240579088022559, (5522, 10668, -2814, 10779))
((1557, 291, -181), (2019, 393, 298), 1.1688423070862073, 1.3301269448611939, -1.2653026625402464, (5370, 10723, -2594, 10857))
((1488, 376, -224), (2027, 476, 361), 1.1712715392629485, 1.3217829082647294, -1.295842200012552, (5237, 10759, -2367, 10938))
((1267, 459, -241), (2032, 526, 398), 1.1637612266818744, 1.3116091601025666, -1.3311878544998321, (5135, 10769, -2156, 11019))
((1094, 512, -278), (2052, 521, 517), 1.1469238258007062, 1.3004994191033805, -1.373039994648046, (5059, 10754, -1959, 11106))
((981, 575, -231), (1977, 475, 422), 1.1276128195572652, 1.2901264629566194, -1.4145314669472213, (4987, 10729, -1782, 11192))
((898, 628, -197), (1996, 535, 507), 1.1025646072668258, 1.2791345103486425, -1.4604971385466916, (4923, 10687, -1612, 11286))
((674, 715, -180), (2059, 614, 613), 1.0681987971406541, 1.2661759451514838, -1.5107560842260757, (4890, 10616, -1463, 11387))
((417, 832, -204), (2040, 575, 686), 1.0240489969987159, 1.2513693616729864, -1.5656171017022182, (4888, 10513, -1340, 11498))
((416, 909, -196), (2006, 468, 715), 0.9780631945033945, 1.236247456444879, -1.62251403510896, (4879, 10398, -1222, 11619))
((471, 989, -178), (2026, 505, 783), 0.9330423411933715, 1.2190969739987507, -1.6795971019927478, (4864, 10272, -1093, 11749))
((424, 1121, -165), (2044, 612, 834), 0.8879642077039691, 1.1990231108355884, -1.7363462332637916, (4858, 10127, -959, 11888))
((217, 1248, -126), (2012, 709, 873), 0.840024975975972, 1.1763743129107849, -1.7924941578193005, (4874, 9955, -842, 12035))
((1, 1329, -109), (2005, 716, 955), 0.7893966985401636, 1.151779599550731, -1.8470828058252171, (4911, 9757, -751, 12188))
((-100, 1431, -64), (2023, 684, 982), 0.7376019657285612, 1.125689428007434, -1.9003929178137753, (4948, 9540, -677, 12347))
((-58, 1569, -40), (2054, 689, 1034), 0.6889448203499134, 1.097278473629613, -1.9525200065640334, (4976, 9308, -593, 12516))
((106, 1684, 31), (1973, 725, 1106), 0.6467937617131879, 1.0683002692199708, -2.0029305956531234, (4972, 9078, -488, 12690))
((121, 1737, 74), (1915, 879, 1109), 0.6086345293082087, 1.0379756936280755, -2.0501450111982082, (4962, 8840, -380, 12865))
((-66, 1781, 103), (1937, 911, 1154), 0.5695096395917836, 1.006268905861643, -2.09441312023048, (4963, 8583, -298, 13039))
((-275, 1880, 137), (1939, 886, 1221), 0.5278403784580596, 0.972286144858071, -2.137517993631444, (4977, 8297, -243, 13219))
((-289, 1981, 170), (1938, 797, 1285), 0.4878961180048165, 0.9362442183899587, -2.1790671320541044, (4984, 7994, -190, 13403))
((-185, 2047, 205), (1932, 782, 1250), 0.45296144212197026, 0.8985805742676223, -2.2183646185525325, (4973, 7685, -121, 13587))
((-102, 2043, 201), (1913, 788, 1258), 0.4240014537690198, 0.8604503933026326, -2.253521459921327, (4954, 7379, -40, 13763))
((-87, 2104, 176), (1930, 776, 1281), 0.3986290390971715, 0.8205827212768118, -2.2856061477717744, (4934, 7063, 48, 13935))
((-123, 2190, 156), (1857, 754, 1257), 0.37520586705652387, 0.778469591324786, -2.3152234268331937, (4916, 6730, 137, 14104))
((-74, 2223, 139), (1808, 679, 1289), 0.35530308705860447, 0.7354498752245533, -2.3424492912489985, (4894, 6392, 234, 14267))
((-48, 2192, 106), (1739, 615, 1315), 0.33881496005106304, 0.6924050738276321, -2.3664645925198307, (4872, 6056, 335, 14418))
((29, 2166, 64), (1658, 575, 1322), 0.3266565976484074, 0.6495310609167977, -2.3876130306832244, (4848, 5726, 449, 14557))
((62, 2189, -16), (1575, 618, 1355), 0.31794370324400145, 0.6054521440718534, -2.4054997287337625, (4833, 5391, 575, 14685))
((-26, 2167, -104), (1447, 603, 1380), 0.3096630934511328, 0.5610972738663853, -2.420163659198897, (4834, 5051, 690, 14800))
((-19, 2143, -137), (1362, 520, 1317), 0.30289183972969164, 0.5171052648962073, -2.433157396973383, (4838, 4713, 805, 14905))
((-19, 2143, -137), (1362, 520, 1317), 0.30289183972969164, 0.5171052648962073, -2.433157396973383, (4838, 4713, 805, 14905))
